SM:2025-05-06T10:08:34.7197578Z
LM:2025-05-06T10:30:37.9202145Z
CT:image/jpeg
MA:604800
CL:72220
