SM:2025-05-06T10:08:34.8300243Z
LM:2025-05-06T10:30:41.4967014Z
CT:image/webp
MA:604800
CL:12702
