SM:2025-05-06T10:08:34.6414917Z
LM:2025-05-06T10:30:41.4703292Z
CT:image/webp
MA:604800
CL:13748
