SM:2025-05-06T10:08:34.7673693Z
LM:2025-05-06T10:30:41.1286100Z
CT:image/webp
MA:604800
CL:23714
