SM:2025-05-06T10:08:34.6830156Z
LM:2025-05-06T10:30:41.6209116Z
CT:image/webp
MA:604800
CL:22740
