SM:2025-05-06T10:08:34.6727873Z
LM:2025-05-06T10:30:41.4806407Z
CT:image/webp
MA:604800
CL:19586
