SM:2025-05-06T10:08:34.6099980Z
LM:2025-05-06T10:30:35.4017323Z
CT:image/jpeg
MA:604800
CL:45170
