SM:2025-05-06T10:08:34.6884320Z
LM:2025-05-06T10:30:41.6007356Z
CT:image/webp
MA:604800
CL:23412
