SM:2025-05-06T10:08:34.7987110Z
LM:2025-05-06T10:30:37.6628298Z
CT:image/jpeg
MA:604800
CL:2201
