SM:2025-05-06T10:08:34.7513082Z
LM:2025-05-06T10:30:37.6734355Z
CT:image/jpeg
MA:604800
CL:2270
