SM:2025-05-06T10:08:34.7197578Z
LM:2025-05-06T10:30:41.5310350Z
CT:image/webp
MA:604800
CL:22932
