SM:2025-05-06T10:08:34.6571247Z
LM:2025-05-06T10:30:37.9436199Z
CT:image/jpeg
MA:604800
CL:75158
