SM:2025-05-06T10:08:34.6414917Z
LM:2025-05-06T10:30:41.1144390Z
CT:image/webp
MA:604800
CL:16122
