SM:2025-05-06T10:08:34.6414917Z
LM:2025-05-06T10:30:37.6704170Z
CT:image/jpeg
MA:604800
CL:2361
