SM:2025-05-06T10:08:34.8143577Z
LM:2025-05-06T10:30:37.9345581Z
CT:image/jpeg
MA:604800
CL:62349
