SM:2025-05-06T10:08:34.7673693Z
LM:2025-05-06T10:30:41.5356503Z
CT:image/webp
MA:604800
CL:28628
