SM:2025-05-06T10:08:34.6727873Z
LM:2025-05-06T10:30:41.5747653Z
CT:image/webp
MA:604800
CL:26010
